# Object name: NGC_4670
# Instrument: FIFI-LS
# z: 0.00363347
# Ref. Wav.: 88.35600000
# Aperture: Circle
# Center: 191.32132 27.124929
# Radius: 19.2 [arcsec]
# Area aperture: 0.00002 degs
 index,wavelength,flux,eflux,uflux,exposure,atran
0 8.822624e+01 0.000000e+00 0.000000e+00 0.000000e+00 1.491478e+02 9.861533e-01
1 8.824384e+01 3.252616e+00 1.099791e+00 8.763202e+00 1.491478e+02 9.863797e-01
2 8.826143e+01 1.130274e+01 7.526184e-01 1.133494e+01 1.491478e+02 9.864277e-01
3 8.827903e+01 1.269367e+01 6.426713e-01 1.270067e+01 1.491478e+02 9.863526e-01
4 8.829663e+01 1.333169e+01 5.863927e-01 1.315438e+01 2.698017e+02 9.861996e-01
5 8.831423e+01 1.251665e+01 5.447072e-01 1.212452e+01 2.698017e+02 9.860038e-01
6 8.833183e+01 1.056130e+01 5.091888e-01 1.009083e+01 2.698017e+02 9.857916e-01
7 8.834943e+01 8.245382e+00 4.785903e-01 7.838275e+00 4.189496e+02 9.855812e-01
8 8.836703e+01 6.426928e+00 4.510614e-01 6.093997e+00 4.189496e+02 9.853826e-01
9 8.838463e+01 4.766626e+00 4.272291e-01 4.475874e+00 4.189496e+02 9.851988e-01
10 8.840223e+01 3.251622e+00 4.095266e-01 3.041043e+00 4.189496e+02 9.850267e-01
11 8.841983e+01 2.375059e+00 3.952395e-01 2.281645e+00 5.680974e+02 9.848584e-01
12 8.843743e+01 2.420423e+00 3.819867e-01 2.460943e+00 5.680974e+02 9.846807e-01
13 8.845503e+01 2.828402e+00 3.706993e-01 2.839826e+00 5.680974e+02 9.844723e-01
14 8.847263e+01 3.154069e+00 3.653668e-01 3.158800e+00 5.680974e+02 9.841989e-01
15 8.849023e+01 3.780527e+00 3.670871e-01 3.841806e+00 5.680974e+02 9.838077e-01
16 8.850783e+01 4.941923e+00 3.709583e-01 5.057709e+00 5.680974e+02 9.832259e-01
17 8.852543e+01 6.234698e+00 3.737552e-01 6.256400e+00 5.680974e+02 9.823679e-01
18 8.854303e+01 6.765643e+00 3.752323e-01 6.638799e+00 5.680974e+02 9.811552e-01
19 8.856063e+01 6.726570e+00 3.768499e-01 6.603816e+00 5.680974e+02 9.795489e-01
20 8.857823e+01 7.412983e+00 3.777984e-01 7.485848e+00 5.680974e+02 9.775853e-01
21 8.859583e+01 1.014187e+01 3.774856e-01 1.047490e+01 5.680974e+02 9.753930e-01
22 8.861342e+01 1.507895e+01 3.772929e-01 1.549628e+01 5.680974e+02 9.731770e-01
23 8.863102e+01 2.080578e+01 3.769434e-01 2.096745e+01 5.680974e+02 9.711641e-01
24 8.864862e+01 2.521569e+01 3.759573e-01 2.485337e+01 5.680974e+02 9.695330e-01
25 8.866622e+01 2.654066e+01 3.736740e-01 2.568128e+01 5.680974e+02 9.683639e-01
26 8.868382e+01 2.516402e+01 3.709894e-01 2.407211e+01 5.680974e+02 9.676390e-01
27 8.870142e+01 2.265285e+01 3.694184e-01 2.156391e+01 5.680974e+02 9.672919e-01
28 8.871902e+01 2.006068e+01 3.689138e-01 1.907688e+01 5.680974e+02 9.672696e-01
29 8.873662e+01 1.757222e+01 3.681357e-01 1.665366e+01 5.680974e+02 9.675635e-01
30 8.875422e+01 1.474224e+01 3.664312e-01 1.388672e+01 5.680974e+02 9.681874e-01
31 8.877182e+01 1.189450e+01 3.646379e-01 1.116782e+01 5.680974e+02 9.691253e-01
32 8.878942e+01 9.494559e+00 3.642106e-01 8.942271e+00 5.680974e+02 9.702893e-01
33 8.880702e+01 7.772383e+00 3.652935e-01 7.340739e+00 5.680974e+02 9.715198e-01
34 8.882462e+01 6.200392e+00 3.672383e-01 5.820498e+00 5.680974e+02 9.726278e-01
35 8.884222e+01 4.599406e+00 3.691627e-01 4.301043e+00 5.680974e+02 9.734471e-01
36 8.885982e+01 3.605232e+00 3.710535e-01 3.483622e+00 5.680974e+02 9.738642e-01
37 8.887742e+01 4.019865e+00 3.747914e-01 4.109169e+00 5.680974e+02 9.738093e-01
38 8.889502e+01 5.586748e+00 3.787817e-01 5.650635e+00 5.680974e+02 9.732161e-01
39 8.891262e+01 6.922456e+00 3.841186e-01 6.828835e+00 5.680974e+02 9.719733e-01
40 8.893022e+01 7.141398e+00 3.927311e-01 6.877455e+00 5.680974e+02 9.698965e-01
41 8.894781e+01 6.410160e+00 4.071744e-01 6.012223e+00 5.680974e+02 9.667490e-01
42 8.896541e+01 5.070123e+00 4.276038e-01 4.670664e+00 5.680974e+02 9.623295e-01
43 8.898301e+01 3.906357e+00 4.515882e-01 3.666019e+00 5.680974e+02 9.566149e-01
44 8.900061e+01 4.041798e+00 4.813021e-01 4.000481e+00 4.189496e+02 9.499124e-01
45 8.901821e+01 5.682643e+00 5.156904e-01 5.666801e+00 4.189496e+02 9.429307e-01
46 8.903581e+01 7.690300e+00 5.531637e-01 7.486294e+00 4.189496e+02 9.366925e-01
47 8.905341e+01 8.669460e+00 5.923905e-01 8.138045e+00 4.189496e+02 9.322688e-01
48 8.907101e+01 7.200010e+00 6.379097e-01 6.334006e+00 2.982957e+02 9.304266e-01
49 8.908861e+01 3.104994e+00 7.018075e-01 2.187436e+00 2.982957e+02 9.313367e-01
50 8.910621e+01 -2.327151e+00 7.901470e-01 -2.949513e+00 2.982957e+02 9.345054e-01
51 8.912381e+01 -7.416954e+00 9.192018e-01 -7.618768e+00 2.982957e+02 9.389478e-01
52 8.914141e+01 -1.144879e+01 1.219816e+00 -1.170649e+01 1.491478e+02 9.435208e-01
53 8.915901e+01 -1.136937e+00 7.614144e-01 0.000000e+00 1.491478e+02 9.472522e-01
